[gd_scene format=3 uid="uid://u3js4h5i5rqj"]

[ext_resource type="Script" uid="uid://djaiplmgwg04k" path="res://Nodes/Chassis.gd" id="1_vd1yw"]
[ext_resource type="Script" uid="uid://crowxx2ojmket" path="res://Nodes/Engine.gd" id="2_o1cxg"]
[ext_resource type="Script" uid="uid://dfoqrfa6tee8h" path="res://Nodes/Repulsor.gd" id="3_ipes4"]

[sub_resource type="BoxMesh" id="BoxMesh_laxhs"]

[sub_resource type="BoxShape3D" id="BoxShape3D_vd1yw"]
size = Vector3(2.597412, 0.4267578, 1)

[sub_resource type="PrismMesh" id="PrismMesh_xbeba"]

[sub_resource type="GDScript" id="GDScript_o1cxg"]

[sub_resource type="SphereMesh" id="SphereMesh_2nxyu"]

[sub_resource type="SphereMesh" id="SphereMesh_jau2p"]

[sub_resource type="SphereMesh" id="SphereMesh_5fmcq"]

[sub_resource type="SphereMesh" id="SphereMesh_3dl45"]

[node name="Chassis" type="RigidBody3D" unique_id=82363342]
mass = 500.0
angular_damp = 1.25
script = ExtResource("1_vd1yw")
metadata/_custom_type_script = "uid://djaiplmgwg04k"

[node name="MeshInstance3D" type="MeshInstance3D" parent="." unique_id=691513849]
transform = Transform3D(2.672725, 0, 0, 0, 0.47671765, 0, 0, 0, 1.6026787, 0, 0, 0)
mesh = SubResource("BoxMesh_laxhs")

[node name="CollisionShape3D" type="CollisionShape3D" parent="." unique_id=630043628]
transform = Transform3D(1, 0, 0, 0, 1, 0, 0, 0, 1.5, 0, 0, 0)
shape = SubResource("BoxShape3D_vd1yw")

[node name="Thruster" type="Node3D" parent="." unique_id=381431552]
transform = Transform3D(1, 0, 0, 0, 1, 0, 0, 0, 1, -1.4, 0, 0)
script = ExtResource("2_o1cxg")
max_thrust = 10000.0
metadata/_custom_type_script = "uid://crowxx2ojmket"

[node name="MeshInstance3D" type="MeshInstance3D" parent="Thruster" unique_id=1244753396]
transform = Transform3D(-2.183568e-08, 0.5817736, 0, -0.36634192, -3.4676408e-08, 0, 0, 0, 0.40108347, 0, 0, 0)
mesh = SubResource("PrismMesh_xbeba")

[node name="RepulsorArray" type="Node3D" parent="." unique_id=1371937445]
transform = Transform3D(1, 0, 0, 0, 1, 0, 0, 0, 1, 0, -0.21986082, 0)
script = SubResource("GDScript_o1cxg")

[node name="Repulsor" type="Node3D" parent="RepulsorArray" unique_id=1575985103]
transform = Transform3D(1, 0, 0, 0, 0.8660253, 0.50000006, 0, -0.49999997, 0.8660255, 1, 0, 0.8)
script = ExtResource("3_ipes4")
strength = 8.0
damping = 0.25
max_distance = 2.0
metadata/_custom_type_script = "uid://dfoqrfa6tee8h"

[node name="MeshInstance3D" type="MeshInstance3D" parent="RepulsorArray/Repulsor" unique_id=245712820]
transform = Transform3D(0.2, 0, 0, 0, 0.2, 0, 0, 0, 0.2, 0, 0, 0)
mesh = SubResource("SphereMesh_2nxyu")

[node name="RayCast3D" type="RayCast3D" parent="RepulsorArray/Repulsor" unique_id=1856900920]
target_position = Vector3(0, -4, 0)

[node name="Repulsor2" type="Node3D" parent="RepulsorArray" unique_id=1438129186]
transform = Transform3D(1, 0, 0, 0, 0.8660253, -0.50000006, 0, 0.49999997, 0.8660255, 1, 0, -0.8)
script = ExtResource("3_ipes4")
strength = 8.0
damping = 0.25
max_distance = 2.0
metadata/_custom_type_script = "uid://dfoqrfa6tee8h"

[node name="MeshInstance3D" type="MeshInstance3D" parent="RepulsorArray/Repulsor2" unique_id=1673097386]
transform = Transform3D(0.2, 0, 0, 0, 0.2, 0, 0, 0, 0.2, 0, 0, 0)
mesh = SubResource("SphereMesh_jau2p")

[node name="RayCast3D" type="RayCast3D" parent="RepulsorArray/Repulsor2" unique_id=1961350081]
target_position = Vector3(0, -4, 0)

[node name="Repulsor3" type="Node3D" parent="RepulsorArray" unique_id=182195652]
transform = Transform3D(1.0000001, 0, 0, 0, 0.8660255, 0.49999997, 0, -0.50000006, 0.8660253, -1, 0, 0.8)
script = ExtResource("3_ipes4")
strength = 8.0
damping = 0.25
max_distance = 2.0
metadata/_custom_type_script = "uid://dfoqrfa6tee8h"

[node name="MeshInstance3D" type="MeshInstance3D" parent="RepulsorArray/Repulsor3" unique_id=436724522]
transform = Transform3D(0.2, 0, 0, 0, 0.2, 0, 0, 0, 0.2, 0, 0, 0)
mesh = SubResource("SphereMesh_5fmcq")

[node name="RayCast3D" type="RayCast3D" parent="RepulsorArray/Repulsor3" unique_id=1561851706]
target_position = Vector3(0, -4, 0)

[node name="Repulsor4" type="Node3D" parent="RepulsorArray" unique_id=1107591357]
transform = Transform3D(1, 0, 0, 0, 0.8660253, -0.50000006, 0, 0.49999997, 0.8660255, -1, 0, -0.8)
script = ExtResource("3_ipes4")
strength = 8.0
damping = 0.25
max_distance = 2.0
metadata/_custom_type_script = "uid://dfoqrfa6tee8h"

[node name="MeshInstance3D" type="MeshInstance3D" parent="RepulsorArray/Repulsor4" unique_id=313627561]
transform = Transform3D(0.2, 0, 0, 0, 0.2, 0, 0, 0, 0.2, 0, 0, 0)
mesh = SubResource("SphereMesh_3dl45")

[node name="RayCast3D" type="RayCast3D" parent="RepulsorArray/Repulsor4" unique_id=269961470]
target_position = Vector3(0, -4, 0)

[node name="CameraPivot" type="Node3D" parent="." unique_id=1571295757]
top_level = true

[node name="Camera3D" type="Camera3D" parent="CameraPivot" unique_id=1364833044]
transform = Transform3D(0.034899496, 0.21460453, -0.9760773, 0, 0.9766723, 0.21473533, 0.99939084, -0.007494155, 0.03408537, -3.418, 1.5, 0)
