[gd_scene format=3 uid="uid://dskwy5uy5h2r3"]

[ext_resource type="PackedScene" uid="uid://c60cmocmpb30l" path="res://Entities/Tracks/TrackComponents/StandardTrackPath.tscn" id="1_a3tb2"]
[ext_resource type="PackedScene" uid="uid://qfbv4f771tx" path="res://Entities/Tracks/TrackComponents/Checkpoints/CheckpointArray.tscn" id="2_0bu1n"]
[ext_resource type="PackedScene" uid="uid://dcqry5x8cks2c" path="res://Entities/Tracks/TrackComponents/Checkpoints/Checkpoint.tscn" id="3_0bu1n"]
[ext_resource type="Script" uid="uid://bvijkymap8wck" path="res://Common/Stopwatch.gd" id="4_xiujy"]

[sub_resource type="Curve3D" id="Curve3D_vmt5u"]
closed = true
_data = {
"points": PackedVector3Array(29.696098, -3.69483, 45.948368, -29.696098, 3.69483, -45.948368, 0, 0, 0, -54.866776, 6.1382904, 51.331306, 54.866776, -6.1382904, -51.331306, -4.800787, 0, -165.31212, -32.77646, -1.967701, -39.727325, 32.77646, 1.967701, 39.727325, 143.16833, 0, -148.07303, 19.764374, -5.5189753, -58.998474, -19.764374, 5.5189753, 58.998474, 204.02489, 2.6646967, 61.446815, 79.59294, 6.6189404, -8.744019, -79.59294, -6.6189404, 8.744019, 53.68966, 17.612972, 166.13724, 83.33281, -1.7207184, -20.68637, -83.33281, 1.7207184, 20.68637, -130.7854, 2.4795532, 162.64914, -9.95694, 0.5847435, -42.14218, 9.95694, -0.5847435, 42.14218, -218.0281, 0, 278.3637, -51.970757, -1.2950478, -25.398712, 51.970757, 1.2950478, 25.398712, -126.911385, 0, 374.84702, -63.56682, 0.7717056, 36.592987, 63.56682, -0.7717056, -36.592987, 59.845818, 0, 384.90317, 15.744728, -3.8783674, 75.67958, -15.744728, 3.8783674, -75.67958, 112.99975, 0, 229.75113),
"tilts": PackedFloat32Array(0.19271956, 0.785315, 0.7039561, 0.30957004, -0.10903909, -0.46853006, -0.45243227, -0.4766634, -0.6447795, -0.51350415)
}
point_count = 10

[node name="Track1" type="Node3D" unique_id=659050519]

[node name="Path3D" type="Path3D" parent="." unique_id=2136581432]
transform = Transform3D(0.9170601, 0, -0.39874908, 0, 1, 0, 0.39874908, 0, 0.9170601, 0, 0, 0)
curve = SubResource("Curve3D_vmt5u")

[node name="PathFollow3D" parent="Path3D" unique_id=844920027 instance=ExtResource("1_a3tb2")]

[node name="CheckpointArray" parent="." unique_id=1665575865 node_paths=PackedStringArray("checkpoints", "timer") instance=ExtResource("2_0bu1n")]
checkpoints = [NodePath("Checkpoint1"), NodePath("Checkpoint2"), NodePath("Checkpoint3"), NodePath("Checkpoint4"), NodePath("Checkpoint5"), NodePath("Checkpoint6")]
timer = NodePath("Stopwatch")

[node name="Checkpoint1" parent="CheckpointArray" unique_id=869970737 instance=ExtResource("3_0bu1n")]
transform = Transform3D(1, 0, 0, 0, 1, 0, 0, 0, 1, 0, 0, -12.494074)

[node name="Checkpoint2" parent="CheckpointArray" unique_id=247107733 instance=ExtResource("3_0bu1n")]
transform = Transform3D(-0.7150585, 0, -0.69906443, 0, 1, 0, 0.69906443, 0, -0.7150585, 159.60822, 0.7498293, -136.4078)
index = 1

[node name="Checkpoint3" parent="CheckpointArray" unique_id=912042297 instance=ExtResource("3_0bu1n")]
transform = Transform3D(0.99736154, 0, -0.07259414, 0, 1, 0, 0.07259414, 0, 0.99736154, 195.96896, 3.5011873, 43.199486)
index = 2

[node name="Checkpoint4" parent="CheckpointArray" unique_id=1882802748 instance=ExtResource("3_0bu1n")]
transform = Transform3D(0.2644118, 0, 0.96440995, 0, 1, 0, -0.96440995, 0, 0.2644118, -20.588558, 20.132652, 172.81181)
index = 3

[node name="Checkpoint5" parent="CheckpointArray" unique_id=1841513710 instance=ExtResource("3_0bu1n")]
transform = Transform3D(0.97041386, 0, -0.2414477, 0, 1, 0, 0.2414477, 0, 0.97041386, -311.20016, 0.02210927, 167.94884)
index = 4

[node name="Checkpoint6" parent="CheckpointArray" unique_id=1827849883 instance=ExtResource("3_0bu1n")]
transform = Transform3D(0.91341764, 0, -0.4070236, 0, 1, 0, 0.4070236, 0, 0.91341764, -1.9308026, 0.9017242, 306.4988)
index = 5

[node name="Stopwatch" type="Label" parent="CheckpointArray" unique_id=822900228]
offset_right = 40.0
offset_bottom = 23.0
theme_override_font_sizes/font_size = 20
script = ExtResource("4_xiujy")
metadata/_custom_type_script = "uid://bvijkymap8wck"

[node name="Lap" type="Label" parent="CheckpointArray" unique_id=1825776661]
offset_left = 112.0
offset_top = 125.0
offset_right = 203.0
offset_bottom = 180.0
theme_override_font_sizes/font_size = 40
text = "Lap: "

[node name="LapTime" type="Label" parent="CheckpointArray" unique_id=1969966748]
anchors_preset = -1
anchor_left = 0.000390625
anchor_top = 0.028472222
anchor_right = 0.033203125
anchor_bottom = 0.044444446
offset_left = 6.0
offset_top = 128.0
offset_right = 300.0
offset_bottom = 160.0
theme_override_font_sizes/font_size = 40
text = "Lap Time: 00:00:000"
metadata/_edit_use_anchors_ = true

[node name="LastLap" type="Label" parent="CheckpointArray" unique_id=991892199]
offset_left = 24.0
offset_top = 212.0
offset_right = 387.0
offset_bottom = 267.0
theme_override_font_sizes/font_size = 40
text = "Last Lap: 00:00:000"

[node name="BestLap" type="Label" parent="CheckpointArray" unique_id=202300801]
offset_left = 29.0
offset_top = 253.0
offset_right = 387.0
offset_bottom = 308.0
theme_override_font_sizes/font_size = 40
text = "BestLap: 00:00:000"
